23272	1487	10501	18994	49	2319	12349	4061	545	12622	481
3254	1114	3014	2656	23	551	959	894	223	1672	223
11344	1214	25986	9803	47	5400	3262	1353	2257	5195	1307
11740	1192	11149	38434	69	4880	6047	2335	931	8503	1177
47	6	0	117	4	0	0	49	0	110	0
1172	217	3622	3453	16	5249	1113	313	738	1631	1070
18441	1866	12154	15237	65	1626	27137	6182	835	20909	566
10359	693	5841	6368	40	610	6223	7469	564	9620	453
2613	481	6981	1853	10	1023	1305	632	1536	2738	1005
33012	2323	22029	29623	110	4193	20997	12155	2533	53002	2140
1293	114	2844	1242	5	772	1507	452	565	3820	3059
12981	981	8271	18908	97	3444	3693	1748	935	11551	1314
27816	1890	12980	15993	34	1323	18928	5836	1182	28324	938
17293	1291	11243	11457	41	1862	7731	6178	1288	20942	1048
3733	430	4647	5913	6	622	1652	1044	476	3068	829
105	40	997	603	0	341	75	55	176	151	589


16329	4253	2370	949	127
2012	926	540	246	37
8347	2308	1611	1071	288
23898	3238	4422	4114	410
10	0	0	0	0
4937	338	901	1310	459
15342	9728	3610	910	170
9731	3601	5498	764	85
990	454	991	543	127
61350	28006	33913	9808	706
2357	589	1052	871	595
56025	10959	18688	12541	578
37380	67964	28881	6585	300
30189	15318	81808	21974	548
8571	2964	9187	63509	1585
758	158	756	1234	3124
