0.954											
0.364	0.297										
0.342	0.284	0.882									
-0.129	-0.118	-0.148	0.220								
0.313	0.291	0.153	0.381	0.364							
0.496	0.503	-0.029	0.174	0.296	0.813						
0.424	0.419	-0.054	-0.059	0.004	0.090	0.327					
0.592	0.648	0.125	0.137	-0.039	0.211	0.465	0.482				
0.545	0.569	-0.081	-0.014	0.037	0.274	0.679	0.557	0.526			
0.084	0.076	0.162	0.097	-0.091	-0.036	-0.113	0.061	0.085	-0.319		
-0.019	-0.036	0.220	0.169	-0.145	0.024	-0.232	-0.357	-0.127	-0.368	0.029	
0.134	0.144	0.126	0.015	-0.208	-0.329	-0.424	-0.202	-0.076	-0.291	0.007	0.184
