0	19	7	0	20	9	0	19.1	0	19.8	1	20.4	1	22.9	0	21.5	2	20.0	0	19.4	1	21.5	1	21.1	1	19.9	1	21.9	0	19.7	0	20.1	0	20.5	0	20.5	2	19.5	1	20.6	1	21.1	0	19.1	1	19.4	2	19.0	4	19.0	0	19.6	0	20.7	1	19.6	0	21.4	0	22.4	1	19.1	0	19.0	0	20.1	1	20.4	0	19.6	1	22.3	3	21.2	1	19.6	0	21.9	1	24.8	1	19.1
0	20.4	1	20.5	0	21.6	3	23.1	1	19.3	1	20.5	0	22.6	0	21.9	0	21.6	5	19.0	1	20.0	1	19.5	0	20.5	1	20.0	1	19.9	3	19.3	0	22.2	1	22.3	2	20.7	1	22.6	0	23.1	1	22.9	1	21.4	1	21.0	0	19.0	0	19.6	2	22.3	2	23.0	0	19.6	3	21.4	0	20.8	1	19.5	0	20.2	0	19.1	2	19.8	0	20.7	1	21.5	2	22.4	3	22.6	0	23.1
0	23.1	0	20.5	0	21.1	1	19.0	1	20.8	0	21.3	0	20.9	0	20.0	1	20.6	1	19.7	2	19.0	1	21.0	1	19.9	3	20.1	1	22.4	3	19.3
2	21.1	1	19.6	2	19.0	0	20.4	0	22.2	0	22.3	1	21.8	3	21.2
3	23.6	0	22.0	0	21.3	2	22.8	3	24.1	1	25.5	4	23.9	4	25.6	1	27.4	0	23.4	0	23.1	1	20.6	0	20.3	2	21.0	0	19.3	0	21.4
1	22.8	0	22.8	2	21.1	1	24.1	0	23.8	2	23.6	1	19.4	0	20.4
2	21.6	0	20.5	1	19.7	0	21.6	0	22.0	1	20.2	1	20.8	0	21.6	1	23.3	1	20.9	1	20.0	1	21.3	2	21.2	2	19.0	1	20.0	1	21.0	0	19.9	1	20.9	0	20.1	3	19.5	2	19.5	2	20.1	0	19.6	4	19.7	0	19.5	0	20.6	1	21.1	2	21.3	0	23.4	1	19.7	2	20.0	0	19.6
0	20.6	0	20.9	0	22.1	2	23.3	1	19.0	0	20.1	3	19.0	0	19.3	0	20.9	0	21.8	2	24.3	3	21.1	0	23.7	0	20.8	0	19.1	2	21.0	1	21.6	2	20.4	0	19.4	0	19.3	0	22.8	0	22.0	2	22.8	0	21.8
2	21.7	0	21.3	2	20.6	0	19.4	0	21.9	0	21.2	0	20.6	1	21.5	1	21.4	0	19.9	2	19.9	1	20.8	1	19.1	1.19.2	2	19.1	2	20.4
1	23.3	0	20.7	1	19.2	1	19.4	0	20.5	1	21.8	0	19.4	0	20.8	2	22.6	0	19.3	2	19.1	0	21.0	0	21.4	1	19.9	1	20.7	5	19.5	2	19.5	1	19.9	4	19.4	3	22.4	0	19.1	1	19.1	3	19.3	1	22.9
1	21.7	0	19.7	0	20.4	1	22.7	0	22.8	1	22.2	1	21.6	0	21.1
1	22.4	0	21.4	2	19.8	2	21.2	0	24.3	1	23.9	0	19.8	0	19.5
0	19.3	1	19.3
