48.5	67.7	51.7	42.9	18.1	65.0	57.1	26.7	38.5	33.3	47.6	60.0	53.8	29.2
89.2	67.0	84.8	50.0	79.6	81.8	76.2	53.1	67.9	83.3	92.9	90.9	88.1	74.0
7.9	2.0	0.0	0.0	4.1	9.1	21.4	23.5	17.9	27.8	26.7	13.6	7.1	16.0
42.1	23.0	31.3	50.0	44.9	31.8	38.1	38.2	21.4	29.4	10.0	68.2	33.3	46.0
92.1	93.0	88.2	77.3	79.6	81.8	66.7	44.1	82.1	86.1	36.7	40.9	88.1	86.0
100.0	100.0	100.0	100.0	100.0	100.0	97.6	94.1	100.0	100.0	100.0	100.0	100.0	100.0
100.0	86.0	94.1	90.9	77.6	59.1	14.3	11.8	60.7	63.9	50.0	18.2	19.0	18.0
35.3	44.0	18.8	36.4	16.7	20.0	23.5	11.8	35.7	53.8	14.3	100.0	85.7	88.0
11.4	14.0	25.0	59.1	37.1	30.0	9.5	18.2	24.0	18.8	7.4	5.0	9.8	16.3
100.0	99.0	100.0	100.0	100.0	100.0	100.0	100.0	100.0	100.0	100.0	80.0	73.8	72.0
71.9	97.0	83.3	100.0	90.4	100.0	91.4	94.9	91.7	83.3	86.4	90.0	72.2	80.4
31.6	31.0	33.3	38.9	9.8	5.0	11.8	12.5	37.5	8.3	90.9	50.0	73.7	69.6
2.8	17.0	5.9	0.0	0.0	9.1	17.5	5.9	0.0	34.3	3.3	0.0	2.4	4.0
													
19	50	17	11	49	11	21	17	14	18	16	11	21	25

0.099												
0.033	0.022											
0.183	0.114	0.042										
0.148	0.224	0.059	0.068									
0.198	0.039	0.053	0.085	0.051								
0.462	0.266	0.322	0.435	0.268	0.025							
0.628	0.442	0.444	0.406	0.240	0.129	0.014						
0.113	0.070	0.046	0.047	0.034	0.002	0.106	0.129					
0.173	0.119	0.162	0.331	0.177	0.039	0.089	0.237	0.071				
0.434	0.419	0.339	0.505	0.469	0.390	0.315	0.349	0.151	0.430			
0.762	0.633	0.781	0.700	0.758	0.625	0.469	0.618	0.440	0.538	0.607		
0.530	0.389	0.482	0.579	0.597	0.498	0.374	0.562	0.247	0.383	0.387	0.084	
0.586	0.435	0.550	0.530	0.552	0.509	0.369	0.471	0.234	0.346	0.456	0.090	0.038
